{
  "generated_by": {
    "program": "augur",
    "version": "13.1.0"
  },
  "models": {
    "state": {
      "alphabet": [
        "Connecticut",
        "Delaware",
        "Florida",
        "Georgia",
        "Louisiana",
        "Maryland",
        "Massachusetts",
        "Michigan",
        "Mississippi",
        "New Hampshire",
        "New Jersey",
        "New York",
        "Rhode Island",
        "Texas",
        "USA",
        "Vermont",
        "Virginia",
        "?"
      ],
      "equilibrium_probabilities": [
        0.04232823326107801,
        0.0733823639670772,
        0.015478221623958446,
        0.05633400141172717,
        0.07512800241579463,
        0.05805862426512246,
        0.042501955172013405,
        0.07523696616612535,
        0.06683767206331491,
        0.06984754529026985,
        0.06473396290749818,
        0.044161025266930845,
        0.06955518144148692,
        0.0666448625709405,
        0.06620404767528701,
        0.06846887438947163,
        0.045098460111903375
      ],
      "rate": 60.6917244497441,
      "transition_matrix": [
        [
          0.0,
          0.9500612001884403,
          6.788516913021746,
          0.9498701756205495,
          0.9484943511806148,
          0.9494930446570826,
          2.9713768683450827,
          0.948449376012313,
          0.9489667461552712,
          0.9486527236073541,
          1.1539923110114239,
          2.2266921541771434,
          0.9501046237399864,
          0.9488011499500785,
          0.9496103762340045,
          0.949891983584047,
          1.128730721730792
        ],
        [
          0.9500612001884403,
          0.0,
          1.2454671354820517,
          0.9518388116069003,
          0.9533556050726558,
          0.95182866227285,
          0.946264052086736,
          0.951340760691778,
          0.951398893525252,
          0.9512943621404437,
          1.4300069520973626,
          0.9426759281799452,
          1.2789331374731951,
          0.9514624549394204,
          0.9514698406445723,
          0.951266547439981,
          0.9539073411351943
        ],
        [
          6.788516913021746,
          1.2454671354820517,
          0.0,
          3.2106810722347667,
          0.9454923941539801,
          2.83991271621418,
          8.223573253726517,
          0.9482140606544506,
          1.4131350138989232,
          0.9435946678218758,
          1.967974246774298,
          13.962500015668795,
          1.2437441814396613,
          1.4151117420070756,
          1.0415517975183148,
          1.182396260828966,
          8.019850044901387
        ],
        [
          0.9498701756205495,
          0.9518388116069003,
          3.2106810722347667,
          0.0,
          0.9509194740200901,
          0.9510383096829548,
          0.95041948807517,
          0.9509290823976334,
          0.9509516142747018,
          0.9509112130817488,
          0.9528218555909836,
          1.014590014160719,
          0.9518280258732398,
          0.9509403843755412,
          0.9515360982636373,
          0.9509775131011774,
          0.9847553378990047
        ],
        [
          0.9484943511806148,
          0.9533556050726558,
          0.9454923941539801,
          0.9509194740200901,
          0.0,
          0.9509073245674801,
          0.94441731301254,
          0.9509402605546168,
          0.9508578421254065,
          0.9509219625787025,
          1.4219237645672744,
          0.9392848894683609,
          0.9513229965975902,
          0.9509406294881848,
          0.9510396034714896,
          0.9507687714989564,
          0.9529738341725145
        ],
        [
          0.9494930446570826,
          0.95182866227285,
          2.83991271621418,
          0.9510383096829548,
          0.9509073245674801,
          0.0,
          0.9464494827205221,
          0.9509824208924932,
          0.9556866506196305,
          0.9509097055454148,
          0.9511686229185783,
          0.9431002575603133,
          0.9518288588990721,
          0.9509364517322431,
          0.9511341557425131,
          0.9509676404932794,
          0.9512152754095343
        ],
        [
          2.9713768683450827,
          0.946264052086736,
          8.223573253726517,
          0.95041948807517,
          0.94441731301254,
          0.9464494827205221,
          0.0,
          0.9444287386761142,
          0.9454483975619511,
          1.89223367030316,
          0.9473934954873234,
          2.887662019314869,
          0.9465815007899998,
          0.945234649006273,
          0.9467274167698689,
          1.206015676138964,
          0.9508057660295717
        ],
        [
          0.948449376012313,
          0.951340760691778,
          0.9482140606544506,
          0.9509290823976334,
          0.9509402605546168,
          0.9509824208924932,
          0.9444287386761142,
          0.0,
          1.4269680575587969,
          0.9509455162445337,
          0.950847150916703,
          0.9390467023106258,
          0.9513455866614612,
          0.9509640019737935,
          0.9510609107146799,
          0.9507922872861724,
          0.950577318506425
        ],
        [
          0.9489667461552712,
          0.951398893525252,
          1.4131350138989232,
          0.9509516142747018,
          0.9508578421254065,
          0.9556866506196305,
          0.9454483975619511,
          1.4269680575587969,
          0.0,
          0.9508676089709945,
          0.9509013189678747,
          0.941244750733089,
          0.951405662792872,
          0.9509009252463401,
          0.9510140965830047,
          0.9507880614461944,
          0.9509048513942222
        ],
        [
          0.9486527236073541,
          0.9512943621404437,
          0.9435946678218758,
          0.9509112130817488,
          0.9509219625787025,
          0.9509097055454148,
          1.89223367030316,
          0.9509455162445337,
          0.9508676089709945,
          0.0,
          0.9508358851730531,
          0.939954106113908,
          0.9513000425531284,
          0.9509441019198339,
          0.9510380922438757,
          0.9508903350118978,
          0.9505766840280239
        ],
        [
          1.1539923110114239,
          1.4300069520973626,
          1.967974246774298,
          0.9528218555909836,
          1.4219237645672744,
          0.9511686229185783,
          0.9473934954873234,
          0.950847150916703,
          0.9509013189678747,
          0.9508358851730531,
          0.0,
          0.9683477301017527,
          0.9519084356879165,
          0.9509380550838825,
          0.951283246449092,
          0.9508470071843251,
          1.1848404421913263
        ],
        [
          2.2266921541771434,
          0.9426759281799452,
          13.962500015668795,
          1.014590014160719,
          0.9392848894683609,
          0.9431002575603133,
          2.887662019314869,
          0.9390467023106258,
          0.941244750733089,
          0.939954106113908,
          0.9683477301017527,
          0.0,
          0.9430654768229744,
          0.9405099776234197,
          1.3379773323885087,
          0.9434724275834795,
          1.4087148197882522
        ],
        [
          0.9501046237399864,
          1.2789331374731951,
          1.2437441814396613,
          0.9518280258732398,
          0.9513229965975902,
          0.9518288588990721,
          0.9465815007899998,
          0.9513455866614612,
          0.951405662792872,
          0.9513000425531284,
          0.9519084356879165,
          0.9430654768229744,
          0.0,
          0.9514655929215612,
          0.9514663151239147,
          0.951277569623154,
          0.952259498756692
        ],
        [
          0.9488011499500785,
          0.9514624549394204,
          1.4151117420070756,
          0.9509403843755412,
          0.9509406294881848,
          0.9509364517322431,
          0.945234649006273,
          0.9509640019737935,
          0.9509009252463401,
          0.9509441019198339,
          0.9509380550838825,
          0.9405099776234197,
          0.9514655929215612,
          0.0,
          0.9510809542337886,
          0.9508549196377212,
          0.950688619383392
        ],
        [
          0.9496103762340045,
          0.9514698406445723,
          1.0415517975183148,
          0.9515360982636373,
          0.9510396034714896,
          0.9511341557425131,
          0.9467274167698689,
          0.9510609107146799,
          0.9510140965830047,
          0.9510380922438757,
          0.951283246449092,
          1.3379773323885087,
          0.9514663151239147,
          0.9510809542337886,
          0.0,
          0.9509358538195023,
          0.9544817596611768
        ],
        [
          0.949891983584047,
          0.951266547439981,
          1.182396260828966,
          0.9509775131011774,
          0.9507687714989564,
          0.9509676404932794,
          1.206015676138964,
          0.9507922872861724,
          0.9507880614461944,
          0.9508903350118978,
          0.9508470071843251,
          0.9434724275834795,
          0.951277569623154,
          0.9508549196377212,
          0.9509358538195023,
          0.0,
          0.950935157587762
        ],
        [
          1.128730721730792,
          0.9539073411351943,
          8.019850044901387,
          0.9847553378990047,
          0.9529738341725145,
          0.9512152754095343,
          0.9508057660295717,
          0.950577318506425,
          0.9509048513942222,
          0.9505766840280239,
          1.1848404421913263,
          1.4087148197882522,
          0.952259498756692,
          0.950688619383392,
          0.9544817596611768,
          0.950935157587762,
          0.0
        ]
      ]
    }
  },
  "nodes": {
    "10084-19_S56_2019|2019-08-15": {
      "state": "Connecticut",
      "state_confidence": {
        "Connecticut": 1.0
      },
      "state_entropy": -1.000088900581841e-12
    },
    "10229-19-19_S57_2019|2019-08-19": {
      "state": "Connecticut",
      "state_confidence": {
        "Connecticut": 1.0
      },
      "state_entropy": -1.000088900581841e-12
    },
    "10278-19_S58_2019|2019-08-19": {
      "state": "Connecticut",
      "state_confidence": {
        "Connecticut": 0.9999999999999999
      },
      "state_entropy": -9.99866855976916e-13
    },
    "10529-19_S59_2019|2019-08-20": {
      "state": "Connecticut",
      "state_confidence": {
        "Connecticut": 1.0
      },
      "state_entropy": -1.000088900581841e-12
    },
    "10579-19_S60_2019|2019-08-20": {
      "state": "Connecticut",
      "state_confidence": {
        "Connecticut": 1.0
      },
      "state_entropy": -1.000088900581841e-12
    },
    "10838-19_S61_2019|2019-08-21": {
      "state": "Connecticut",
      "state_confidence": {
        "Connecticut": 1.0
      },
      "state_entropy": -1.000088900581841e-12
    },
    "10898-19_S62_2019|2019-08-21": {
      "state": "Connecticut",
      "state_confidence": {
        "Connecticut": 0.9999999999999999
      },
      "state_entropy": -9.99866855976916e-13
    },
    "11309-19_S63_2019|2019-08-26": {
      "state": "Connecticut",
      "state_confidence": {
        "Connecticut": 1.0
      },
      "state_entropy": -1.000088900581841e-12
    },
    "11357-16_S45_2016|2016-09-12": {
      "state": "Connecticut",
      "state_confidence": {
        "Connecticut": 1.0
      },
      "state_entropy": -1.000088900581841e-12
    },
    "11403-19_S64_2019|2019-08-27": {
      "state": "Connecticut",
      "state_confidence": {
        "Connecticut": 1.0
      },
      "state_entropy": -1.000088900581841e-12
    },
    "11548-19_S65_2019|2019-08-27": {
      "state": "Connecticut",
      "state_confidence": {
        "Connecticut": 1.0
      },
      "state_entropy": -1.000088900581841e-12
    },
    "11716-19_S66_2019|2019-08-28": {
      "state": "Connecticut",
      "state_confidence": {
        "Connecticut": 0.9999999999999999
      },
      "state_entropy": -9.99866855976916e-13
    },
    "11854-19_S67_2019|2019-08-28": {
      "state": "Connecticut",
      "state_confidence": {
        "Connecticut": 0.9999999999999999
      },
      "state_entropy": -9.99866855976916e-13
    },
    "12004-19_S68_2019|2019-08-29": {
      "state": "Connecticut",
      "state_confidence": {
        "Connecticut": 1.0
      },
      "state_entropy": -1.000088900581841e-12
    },
    "12388-19_S69_2019|2019-09-03": {
      "state": "Connecticut",
      "state_confidence": {
        "Connecticut": 1.0
      },
      "state_entropy": -1.000088900581841e-12
    },
    "12606-19_S70_2019|2019-09-04": {
      "state": "Connecticut",
      "state_confidence": {
        "Connecticut": 1.0
      },
      "state_entropy": -1.000088900581841e-12
    },
    "12670-19_S71_2019|2019-09-05": {
      "state": "Connecticut",
      "state_confidence": {
        "Connecticut": 1.0
      },
      "state_entropy": -1.000088900581841e-12
    },
    "13289-19_S72_2019|2019-09-11": {
      "state": "Connecticut",
      "state_confidence": {
        "Connecticut": 1.0
      },
      "state_entropy": -1.000088900581841e-12
    },
    "13866-19_S73_2019|2019-09-17": {
      "state": "Connecticut",
      "state_confidence": {
        "Connecticut": 1.0
      },
      "state_entropy": -1.000088900581841e-12
    },
    "13966-17_S46_2017|2017-10-05": {
      "state": "Connecticut",
      "state_confidence": {
        "Connecticut": 0.9999999999999999
      },
      "state_entropy": -9.99866855976916e-13
    },
    "14098-17_S47_2017|2017-10-11": {
      "state": "Connecticut",
      "state_confidence": {
        "Connecticut": 1.0
      },
      "state_entropy": -1.000088900581841e-12
    },
    "14117-19_S75_2019|2019-09-23": {
      "state": "Connecticut",
      "state_confidence": {
        "Connecticut": 1.0
      },
      "state_entropy": -1.000088900581841e-12
    },
    "14149-19_S76_2019|2019-09-23": {
      "state": "Connecticut",
      "state_confidence": {
        "Connecticut": 1.0
      },
      "state_entropy": -1.000088900581841e-12
    },
    "14229-17_S49_2017|2017-10-25": {
      "state": "Connecticut",
      "state_confidence": {
        "Connecticut": 0.9999999999999999
      },
      "state_entropy": -9.99866855976916e-13
    },
    "14275-19_S74_2019|2019-09-23": {
      "state": "Connecticut",
      "state_confidence": {
        "Connecticut": 1.0
      },
      "state_entropy": -1.000088900581841e-12
    },
    "14311-19_S78_2019|2019-09-23": {
      "state": "Connecticut",
      "state_confidence": {
        "Connecticut": 1.0
      },
      "state_entropy": -1.000088900581841e-12
    },
    "14661-19_S79_2019|2019-09-26": {
      "state": "Connecticut",
      "state_confidence": {
        "Connecticut": 1.0
      },
      "state_entropy": -1.000088900581841e-12
    },
    "14759-19_S80_2019|2019-09-30": {
      "state": "Connecticut",
      "state_confidence": {
        "Connecticut": 0.9999999999999999
      },
      "state_entropy": -9.99866855976916e-13
    },
    "15191-19_S81_2019|2019-10-07": {
      "state": "Connecticut",
      "state_confidence": {
        "Connecticut": 1.0
      },
      "state_entropy": -1.000088900581841e-12
    },
    "15347-19_S82_2019|2019-10-10": {
      "state": "Connecticut",
      "state_confidence": {
        "Connecticut": 1.0
      },
      "state_entropy": -1.000088900581841e-12
    },
    "15435-19_S83_2019|2019-10-17": {
      "state": "Connecticut",
      "state_confidence": {
        "Connecticut": 1.0
      },
      "state_entropy": -1.000088900581841e-12
    },
    "16370365_S13_2016|2016-08-17": {
      "state": "New York",
      "state_confidence": {
        "New York": 0.9999999999999999
      },
      "state_entropy": -9.99866855976916e-13
    },
    "17667-18_S50_2018|2018-09-19": {
      "state": "Connecticut",
      "state_confidence": {
        "Connecticut": 1.0
      },
      "state_entropy": -1.000088900581841e-12
    },
    "18341-18_S51_2018|2018-09-26": {
      "state": "Connecticut",
      "state_confidence": {
        "Connecticut": 1.0
      },
      "state_entropy": -1.000088900581841e-12
    },
    "18694-18_S52_2018|2018-10-01": {
      "state": "Connecticut",
      "state_confidence": {
        "Connecticut": 1.0
      },
      "state_entropy": -1.000088900581841e-12
    },
    "18VX2715_S44_2018|2018-09-19": {
      "state": "Massachusetts",
      "state_confidence": {
        "Massachusetts": 0.9999999999999999
      },
      "state_entropy": -9.99866855976916e-13
    },
    "18VX3174_S43_2018|2018-11-01": {
      "state": "Massachusetts",
      "state_confidence": {
        "Massachusetts": 0.9999999999999999
      },
      "state_entropy": -9.99866855976916e-13
    },
    "19350-18_S53_2018|2018-10-09": {
      "state": "Connecticut",
      "state_confidence": {
        "Connecticut": 1.0
      },
      "state_entropy": -1.000088900581841e-12
    },
    "19VX2817_S42_2019|2019-08-28": {
      "state": "Connecticut",
      "state_confidence": {
        "Connecticut": 1.0
      },
      "state_entropy": -1.000088900581841e-12
    },
    "8117-19_S54_2019|2019-07-31": {
      "state": "Connecticut",
      "state_confidence": {
        "Connecticut": 1.0
      },
      "state_entropy": -1.000088900581841e-12
    },
    "9180-19_S55_2019|2019-08-08": {
      "state": "Connecticut",
      "state_confidence": {
        "Connecticut": 1.0
      },
      "state_entropy": -1.000088900581841e-12
    },
    "ARB15MS260105_S5_2015|2015-07-06": {
      "state": "New York",
      "state_confidence": {
        "New York": 1.0
      },
      "state_entropy": -1.000088900581841e-12
    },
    "ARB15MS260175_S6_2015|2015-07-28": {
      "state": "New York",
      "state_confidence": {
        "New York": 1.0
      },
      "state_entropy": -1.000088900581841e-12
    },
    "ARB15MS260353_S12_2015|2015-09-23": {
      "state": "New York",
      "state_confidence": {
        "New York": 1.0
      },
      "state_entropy": -1.000088900581841e-12
    },
    "ARB15MS330238_S4_2015|2015-06-25": {
      "state": "New York",
      "state_confidence": {
        "New York": 1.0
      },
      "state_entropy": -1.000088900581841e-12
    },
    "ARB15MS330683_S8_2015|2015-09-01": {
      "state": "New York",
      "state_confidence": {
        "New York": 1.0
      },
      "state_entropy": -1.000088900581841e-12
    },
    "ARB15MS370406_S7_2015|2015-07-27": {
      "state": "New York",
      "state_confidence": {
        "New York": 1.0
      },
      "state_entropy": -1.000088900581841e-12
    },
    "ARB17MS260236_S17_2017|2017-09-19": {
      "state": "New York",
      "state_confidence": {
        "New York": 1.0
      },
      "state_entropy": -1.000088900581841e-12
    },
    "ARB17MS330746_S18_2017|2017-09-26": {
      "state": "New York",
      "state_confidence": {
        "New York": 1.0
      },
      "state_entropy": -1.000088900581841e-12
    },
    "ARB17MS370250_S26_2017|2017-07-26": {
      "state": "New York",
      "state_confidence": {
        "New York": 1.0
      },
      "state_entropy": -1.000088900581841e-12
    },
    "ARB17MS510915_S16_2017|2017-08-16": {
      "state": "New York",
      "state_confidence": {
        "New York": 1.0
      },
      "state_entropy": -1.000088900581841e-12
    },
    "ARB18MS330394_S19_2018|2018-07-31": {
      "state": "New York",
      "state_confidence": {
        "New York": 1.0
      },
      "state_entropy": -1.000088900581841e-12
    },
    "ARB18MS330453_S21_2018|2018-08-07": {
      "state": "New York",
      "state_confidence": {
        "New York": 1.0
      },
      "state_entropy": -1.000088900581841e-12
    },
    "ARB18MS350318_S22_2018|2018-09-20": {
      "state": "New York",
      "state_confidence": {
        "New York": 0.9999999999999999
      },
      "state_entropy": -9.99866855976916e-13
    },
    "ARB18MS370301_S20_2018|2018-07-30": {
      "state": "New York",
      "state_confidence": {
        "New York": 0.9999999999999999
      },
      "state_entropy": -9.99866855976916e-13
    },
    "ARB19MS330484_S3_2019|2019-08-15": {
      "state": "New York",
      "state_confidence": {
        "New York": 1.0
      },
      "state_entropy": -1.000088900581841e-12
    },
    "ARB19MS370212_S23_2019|2019-07-08": {
      "state": "New York",
      "state_confidence": {
        "New York": 1.0
      },
      "state_entropy": -1.000088900581841e-12
    },
    "ARB19MS510595_S24_2019|2019-07-31": {
      "state": "New York",
      "state_confidence": {
        "New York": 1.0
      },
      "state_entropy": -1.000088900581841e-12
    },
    "AY705240_1997|1997-08-01": {
      "state": "Georgia",
      "state_confidence": {
        "Georgia": 1.0
      },
      "state_entropy": -1.000088900581841e-12
    },
    "AY705241_1991|1991-06-01": {
      "state": "Florida",
      "state_confidence": {
        "Florida": 1.0
      },
      "state_entropy": -1.000088900581841e-12
    },
    "CC19-0533_S36_2019|2019-09-10": {
      "state": "Massachusetts",
      "state_confidence": {
        "Massachusetts": 1.0
      },
      "state_entropy": -1.000088900581841e-12
    },
    "CC19-0548_S37_2019|2019-09-12": {
      "state": "Massachusetts",
      "state_confidence": {
        "Massachusetts": 1.0
      },
      "state_entropy": -1.000088900581841e-12
    },
    "CM19-2280_S38_2019|2019-09-24": {
      "state": "Massachusetts",
      "state_confidence": {
        "Massachusetts": 1.0
      },
      "state_entropy": -1.000088900581841e-12
    },
    "EF151502_1993|1993": {
      "state": "Florida",
      "state_confidence": {
        "Florida": 0.9999999999999999
      },
      "state_entropy": -9.99866855976916e-13
    },
    "EF568607_1960|1960": {
      "state": "USA",
      "state_confidence": {
        "USA": 1.0
      },
      "state_entropy": -1.000088900581841e-12
    },
    "HM210093_1992|1992-06-10": {
      "state": "Florida",
      "state_confidence": {
        "Florida": 0.9999999999999999
      },
      "state_entropy": -9.99866855976916e-13
    },
    "HM210094_1992|1992-08-17": {
      "state": "Florida",
      "state_confidence": {
        "Florida": 1.0
      },
      "state_entropy": -1.000088900581841e-12
    },
    "HM210095_2008|2008-02-13": {
      "state": "Florida",
      "state_confidence": {
        "Florida": 1.0
      },
      "state_entropy": -1.000088900581841e-12
    },
    "HM210096_1994|1994-03-27": {
      "state": "Florida",
      "state_confidence": {
        "Florida": 1.0
      },
      "state_entropy": -1.000088900581841e-12
    },
    "HM210097_2005|2005-05-26": {
      "state": "Florida",
      "state_confidence": {
        "Florida": 0.9999999999999999
      },
      "state_entropy": -9.99866855976916e-13
    },
    "HM210098_2003|2003-04-02": {
      "state": "Florida",
      "state_confidence": {
        "Florida": 0.9999999999999999
      },
      "state_entropy": -9.99866855976916e-13
    },
    "KJ469555_2003|2003": {
      "state": "Georgia",
      "state_confidence": {
        "Georgia": 1.0
      },
      "state_entropy": -1.000088900581841e-12
    },
    "KJ469556_2005|2005": {
      "state": "New Hampshire",
      "state_confidence": {
        "New Hampshire": 1.0
      },
      "state_entropy": -1.000088900581841e-12
    },
    "KJ469560_2001|2001": {
      "state": "Georgia",
      "state_confidence": {
        "Georgia": 1.0
      },
      "state_entropy": -1.000088900581841e-12
    },
    "KJ469561_2005|2005": {
      "state": "Florida",
      "state_confidence": {
        "Florida": 1.0
      },
      "state_entropy": -1.000088900581841e-12
    },
    "KJ469562_2005|2005": {
      "state": "Virginia",
      "state_confidence": {
        "Virginia": 1.0
      },
      "state_entropy": -1.000088900581841e-12
    },
    "KJ469563_1996|1996": {
      "state": "Connecticut",
      "state_confidence": {
        "Connecticut": 1.0
      },
      "state_entropy": -1.000088900581841e-12
    },
    "KJ469564_1988|1988": {
      "state": "Maryland",
      "state_confidence": {
        "Maryland": 1.0
      },
      "state_entropy": -1.000088900581841e-12
    },
    "KJ469566_1935|1935": {
      "state": "New Jersey",
      "state_confidence": {
        "New Jersey": 1.0
      },
      "state_entropy": -1.000088900581841e-12
    },
    "KJ469567_1974|1974": {
      "state": "New York",
      "state_confidence": {
        "New York": 1.0
      },
      "state_entropy": -1.000088900581841e-12
    },
    "KJ469568_2005|2005": {
      "state": "Florida",
      "state_confidence": {
        "Florida": 1.0
      },
      "state_entropy": -1.000088900581841e-12
    },
    "KJ469570_2001|2001": {
      "state": "Connecticut",
      "state_confidence": {
        "Connecticut": 1.0
      },
      "state_entropy": -1.000088900581841e-12
    },
    "KJ469571_2003|2003": {
      "state": "Florida",
      "state_confidence": {
        "Florida": 1.0
      },
      "state_entropy": -1.000088900581841e-12
    },
    "KJ469572_2001|2001": {
      "state": "Florida",
      "state_confidence": {
        "Florida": 1.0
      },
      "state_entropy": -1.000088900581841e-12
    },
    "KJ469573_1982|1982": {
      "state": "Michigan",
      "state_confidence": {
        "Michigan": 1.0
      },
      "state_entropy": -1.000088900581841e-12
    },
    "KJ469575_1996|1996": {
      "state": "Connecticut",
      "state_confidence": {
        "Connecticut": 1.0
      },
      "state_entropy": -1.000088900581841e-12
    },
    "KJ469577_1994|1994": {
      "state": "Florida",
      "state_confidence": {
        "Florida": 1.0
      },
      "state_entropy": -1.000088900581841e-12
    },
    "KJ469579_1982|1982": {
      "state": "Georgia",
      "state_confidence": {
        "Georgia": 1.0
      },
      "state_entropy": -1.000088900581841e-12
    },
    "KJ469582_2003|2003": {
      "state": "Connecticut",
      "state_confidence": {
        "Connecticut": 1.0
      },
      "state_entropy": -1.000088900581841e-12
    },
    "KJ469583_1934|1934": {
      "state": "Delaware",
      "state_confidence": {
        "Delaware": 1.0
      },
      "state_entropy": -1.000088900581841e-12
    },
    "KJ469584_2004|2004": {
      "state": "Connecticut",
      "state_confidence": {
        "Connecticut": 1.0
      },
      "state_entropy": -1.000088900581841e-12
    },
    "KJ469585_2002|2002": {
      "state": "Florida",
      "state_confidence": {
        "Florida": 1.0
      },
      "state_entropy": -1.000088900581841e-12
    },
    "KJ469587_1983|1983": {
      "state": "Mississippi",
      "state_confidence": {
        "Mississippi": 0.9999999999999999
      },
      "state_entropy": -9.99866855976916e-13
    },
    "KJ469588_2005|2005": {
      "state": "Virginia",
      "state_confidence": {
        "Virginia": 1.0
      },
      "state_entropy": -1.000088900581841e-12
    },
    "KJ469591_2001|2001": {
      "state": "Florida",
      "state_confidence": {
        "Florida": 0.9999999999999999
      },
      "state_entropy": -9.99866855976916e-13
    },
    "KJ469592_2002|2002": {
      "state": "Florida",
      "state_confidence": {
        "Florida": 1.0
      },
      "state_entropy": -1.000088900581841e-12
    },
    "KJ469594_2003|2003": {
      "state": "Florida",
      "state_confidence": {
        "Florida": 1.0
      },
      "state_entropy": -1.000088900581841e-12
    },
    "KJ469597_2001|2001": {
      "state": "Florida",
      "state_confidence": {
        "Florida": 1.0
      },
      "state_entropy": -1.000088900581841e-12
    },
    "KJ469599_1960|1960": {
      "state": "Florida",
      "state_confidence": {
        "Florida": 1.0
      },
      "state_entropy": -1.000088900581841e-12
    },
    "KJ469600_1933|1933": {
      "state": "New Jersey",
      "state_confidence": {
        "New Jersey": 1.0
      },
      "state_entropy": -1.000088900581841e-12
    },
    "KJ469602_1996|1996": {
      "state": "Florida",
      "state_confidence": {
        "Florida": 1.0
      },
      "state_entropy": -1.000088900581841e-12
    },
    "KJ469603_1951|1951": {
      "state": "Louisiana",
      "state_confidence": {
        "Louisiana": 1.0
      },
      "state_entropy": -1.000088900581841e-12
    },
    "KJ469604_2009|2009": {
      "state": "Virginia",
      "state_confidence": {
        "Virginia": 1.0
      },
      "state_entropy": -1.000088900581841e-12
    },
    "KJ469605_1992|1992": {
      "state": "Florida",
      "state_confidence": {
        "Florida": 0.9999999999999999
      },
      "state_entropy": -9.99866855976916e-13
    },
    "KJ469606_2004|2004": {
      "state": "Connecticut",
      "state_confidence": {
        "Connecticut": 1.0
      },
      "state_entropy": -1.000088900581841e-12
    },
    "KJ469607_1990|1990": {
      "state": "Maryland",
      "state_confidence": {
        "Maryland": 1.0
      },
      "state_entropy": -1.000088900581841e-12
    },
    "KJ469608_1998|1998": {
      "state": "Connecticut",
      "state_confidence": {
        "Connecticut": 1.0
      },
      "state_entropy": -1.000088900581841e-12
    },
    "KJ469609_1953|1953": {
      "state": "Georgia",
      "state_confidence": {
        "Georgia": 1.0
      },
      "state_entropy": -1.000088900581841e-12
    },
    "KJ469610_1990|1990": {
      "state": "Rhode Island",
      "state_confidence": {
        "Rhode Island": 0.9999999999999999
      },
      "state_entropy": -9.99866855976916e-13
    },
    "KJ469611_1977|1977": {
      "state": "Massachusetts",
      "state_confidence": {
        "Massachusetts": 1.0
      },
      "state_entropy": -1.000088900581841e-12
    },
    "KJ469612_1998|1998": {
      "state": "Connecticut",
      "state_confidence": {
        "Connecticut": 1.0
      },
      "state_entropy": -1.000088900581841e-12
    },
    "KJ469613_2003|2003": {
      "state": "Connecticut",
      "state_confidence": {
        "Connecticut": 1.0
      },
      "state_entropy": -1.000088900581841e-12
    },
    "KJ469615_2003|2003": {
      "state": "Virginia",
      "state_confidence": {
        "Virginia": 1.0
      },
      "state_entropy": -1.000088900581841e-12
    },
    "KJ469616_1994|1994": {
      "state": "New York",
      "state_confidence": {
        "New York": 1.0
      },
      "state_entropy": -1.000088900581841e-12
    },
    "KJ469617_1979|1979": {
      "state": "Massachusetts",
      "state_confidence": {
        "Massachusetts": 1.0
      },
      "state_entropy": -1.000088900581841e-12
    },
    "KJ469618_2008|2008": {
      "state": "Virginia",
      "state_confidence": {
        "Virginia": 1.0
      },
      "state_entropy": -1.000088900581841e-12
    },
    "KJ469619_2007|2007": {
      "state": "Virginia",
      "state_confidence": {
        "Virginia": 1.0
      },
      "state_entropy": -1.000088900581841e-12
    },
    "KJ469620_2006|2006": {
      "state": "Virginia",
      "state_confidence": {
        "Virginia": 1.0
      },
      "state_entropy": -1.000088900581841e-12
    },
    "KJ469621_2003|2003": {
      "state": "Texas",
      "state_confidence": {
        "Texas": 1.0
      },
      "state_entropy": -1.000088900581841e-12
    },
    "KJ469624_1984|1984": {
      "state": "Massachusetts",
      "state_confidence": {
        "Massachusetts": 1.0
      },
      "state_entropy": -1.000088900581841e-12
    },
    "KJ469625_2009|2009": {
      "state": "Virginia",
      "state_confidence": {
        "Virginia": 1.0
      },
      "state_entropy": -1.000088900581841e-12
    },
    "KJ469627_2003|2003": {
      "state": "Florida",
      "state_confidence": {
        "Florida": 1.0
      },
      "state_entropy": -1.000088900581841e-12
    },
    "KJ469628_2001|2001": {
      "state": "Connecticut",
      "state_confidence": {
        "Connecticut": 1.0
      },
      "state_entropy": -1.000088900581841e-12
    },
    "KJ469629_2001|2001": {
      "state": "Virginia",
      "state_confidence": {
        "Virginia": 1.0
      },
      "state_entropy": -1.000088900581841e-12
    },
    "KJ469630_1990|1990": {
      "state": "New York",
      "state_confidence": {
        "New York": 1.0
      },
      "state_entropy": -1.000088900581841e-12
    },
    "KJ469631_2005|2005": {
      "state": "New Hampshire",
      "state_confidence": {
        "New Hampshire": 0.9999999999999999
      },
      "state_entropy": -9.99866855976916e-13
    },
    "KJ469632_2004|2004": {
      "state": "Virginia",
      "state_confidence": {
        "Virginia": 0.9999999999999999
      },
      "state_entropy": -9.99866855976916e-13
    },
    "KJ469633_2000|2000": {
      "state": "Connecticut",
      "state_confidence": {
        "Connecticut": 1.0
      },
      "state_entropy": -1.000088900581841e-12
    },
    "KJ469634_1989|1989": {
      "state": "Mississippi",
      "state_confidence": {
        "Mississippi": 1.0
      },
      "state_entropy": -1.000088900581841e-12
    },
    "KJ469635_1969|1969": {
      "state": "New York",
      "state_confidence": {
        "New York": 1.0
      },
      "state_entropy": -1.000088900581841e-12
    },
    "KJ469638_1989|1989": {
      "state": "Delaware",
      "state_confidence": {
        "Delaware": 1.0
      },
      "state_entropy": -1.000088900581841e-12
    },
    "KJ469639_1983|1983": {
      "state": "Maryland",
      "state_confidence": {
        "Maryland": 1.0
      },
      "state_entropy": -1.000088900581841e-12
    },
    "KJ469642_2003|2003": {
      "state": "Connecticut",
      "state_confidence": {
        "Connecticut": 1.0
      },
      "state_entropy": -1.000088900581841e-12
    },
    "KJ469643_2005|2005": {
      "state": "New York",
      "state_confidence": {
        "New York": 1.0
      },
      "state_entropy": -1.000088900581841e-12
    },
    "KJ469644_2001|2001": {
      "state": "Virginia",
      "state_confidence": {
        "Virginia": 1.0
      },
      "state_entropy": -1.000088900581841e-12
    },
    "KJ469646_2004|2004": {
      "state": "Virginia",
      "state_confidence": {
        "Virginia": 0.9999999999999999
      },
      "state_entropy": -9.99866855976916e-13
    },
    "KJ469647_2008|2008": {
      "state": "Virginia",
      "state_confidence": {
        "Virginia": 1.0
      },
      "state_entropy": -1.000088900581841e-12
    },
    "KJ469649_2006|2006": {
      "state": "Virginia",
      "state_confidence": {
        "Virginia": 1.0
      },
      "state_entropy": -1.000088900581841e-12
    },
    "KJ469650_2009|2009": {
      "state": "Virginia",
      "state_confidence": {
        "Virginia": 1.0
      },
      "state_entropy": -1.000088900581841e-12
    },
    "KJ469651_2003|2003": {
      "state": "Virginia",
      "state_confidence": {
        "Virginia": 1.0
      },
      "state_entropy": -1.000088900581841e-12
    },
    "KJ659366_2007|2007": {
      "state": "Virginia",
      "state_confidence": {
        "Virginia": 1.0
      },
      "state_entropy": -1.000088900581841e-12
    },
    "KP282670_2005|2005": {
      "state": "Massachusetts",
      "state_confidence": {
        "Massachusetts": 1.0
      },
      "state_entropy": -1.000088900581841e-12
    },
    "KT153580_2012|2012-08-07": {
      "state": "Vermont",
      "state_confidence": {
        "Vermont": 1.0
      },
      "state_entropy": -1.000088900581841e-12
    },
    "KT153581_2012|2012-09-18": {
      "state": "Vermont",
      "state_confidence": {
        "Vermont": 1.0
      },
      "state_entropy": -1.000088900581841e-12
    },
    "KU840291_1991|1991-08-02": {
      "state": "Florida",
      "state_confidence": {
        "Florida": 1.0
      },
      "state_entropy": -1.000088900581841e-12
    },
    "KU840292_2013|2013-01-08": {
      "state": "Florida",
      "state_confidence": {
        "Florida": 0.9999999999999999
      },
      "state_entropy": -9.99866855976916e-13
    },
    "KU840293_2005|2005-05-22": {
      "state": "Florida",
      "state_confidence": {
        "Florida": 1.0
      },
      "state_entropy": -1.000088900581841e-12
    },
    "KU840294_2010|2010-06-14": {
      "state": "Florida",
      "state_confidence": {
        "Florida": 1.0
      },
      "state_entropy": -1.000088900581841e-12
    },
    "KU840295_2003|2003-08-22": {
      "state": "Florida",
      "state_confidence": {
        "Florida": 1.0
      },
      "state_entropy": -1.000088900581841e-12
    },
    "KU840296_2004|2004-06-09": {
      "state": "Florida",
      "state_confidence": {
        "Florida": 1.0
      },
      "state_entropy": -1.000088900581841e-12
    },
    "KU840297_2008|2008-06-25": {
      "state": "Florida",
      "state_confidence": {
        "Florida": 1.0
      },
      "state_entropy": -1.000088900581841e-12
    },
    "KU840298_2013|2013-04-08": {
      "state": "Florida",
      "state_confidence": {
        "Florida": 1.0
      },
      "state_entropy": -1.000088900581841e-12
    },
    "KU840299_2008|2008-05-06": {
      "state": "Florida",
      "state_confidence": {
        "Florida": 1.0
      },
      "state_entropy": -1.000088900581841e-12
    },
    "KU840300_2010|2010-05-11": {
      "state": "Florida",
      "state_confidence": {
        "Florida": 1.0
      },
      "state_entropy": -1.000088900581841e-12
    },
    "KU840301_2014|2014-06-18": {
      "state": "Florida",
      "state_confidence": {
        "Florida": 1.0
      },
      "state_entropy": -1.000088900581841e-12
    },
    "KU840302_2004|2004-06-29": {
      "state": "Florida",
      "state_confidence": {
        "Florida": 1.0
      },
      "state_entropy": -1.000088900581841e-12
    },
    "KU840303_2005|2005-07-18": {
      "state": "Florida",
      "state_confidence": {
        "Florida": 1.0
      },
      "state_entropy": -1.000088900581841e-12
    },
    "KU840304_2008|2008-08-07": {
      "state": "Florida",
      "state_confidence": {
        "Florida": 1.0
      },
      "state_entropy": -1.000088900581841e-12
    },
    "KU840305_2003|2003-05-06": {
      "state": "Florida",
      "state_confidence": {
        "Florida": 1.0
      },
      "state_entropy": -1.000088900581841e-12
    },
    "KU840306_2003|2003-05-26": {
      "state": "Florida",
      "state_confidence": {
        "Florida": 1.0
      },
      "state_entropy": -1.000088900581841e-12
    },
    "KU840307_2005|2005-06-28": {
      "state": "Florida",
      "state_confidence": {
        "Florida": 1.0
      },
      "state_entropy": -1.000088900581841e-12
    },
    "KU840308_2005|2005-06-28": {
      "state": "Florida",
      "state_confidence": {
        "Florida": 1.0
      },
      "state_entropy": -1.000088900581841e-12
    },
    "KU840309_2001|2001-07-24": {
      "state": "Florida",
      "state_confidence": {
        "Florida": 1.0
      },
      "state_entropy": -1.000088900581841e-12
    },
    "KU840310_2001|2001-08-15": {
      "state": "Florida",
      "state_confidence": {
        "Florida": 1.0
      },
      "state_entropy": -1.000088900581841e-12
    },
    "KU840311_2008|2008-03-19": {
      "state": "Florida",
      "state_confidence": {
        "Florida": 0.9999999999999999
      },
      "state_entropy": -9.99866855976916e-13
    },
    "KU840313_2010|2010-06-15": {
      "state": "Florida",
      "state_confidence": {
        "Florida": 1.0
      },
      "state_entropy": -1.000088900581841e-12
    },
    "KU840314_2003|2003-07-14": {
      "state": "Florida",
      "state_confidence": {
        "Florida": 1.0
      },
      "state_entropy": -1.000088900581841e-12
    },
    "KU840315_2008|2008-06-13": {
      "state": "Florida",
      "state_confidence": {
        "Florida": 1.0
      },
      "state_entropy": -1.000088900581841e-12
    },
    "KU840316_2001|2001-10-17": {
      "state": "Florida",
      "state_confidence": {
        "Florida": 1.0
      },
      "state_entropy": -1.000088900581841e-12
    },
    "KU840317_2001|2001-11-21": {
