Map from character to field name
A:	Connecticut
B:	Florida
C:	Georgia
D:	Massachusetts
E:	New_Jersey
F:	New_York
G:	Vermont
H:	Virginia
I:	?


Substitution rate (mu): 39.082815

Equilibrium frequencies (pi_i):
  A: 0.1172
  B: 0.0439
  C: 0.1288
  D: 0.1452
  E: 0.1346
  F: 0.1643
  G: 0.135
  H: 0.1311

Symmetrized rates from j->i (W_ij):
	A	B	C	D	E	F	G	H
  A	0	2.9169	0.7756	1.8623	0.7747	1.7116	0.7753	0.7752
  B	2.9169	0	1.0786	5.0128	1.5357	8.8078	0.957	1.3754
  C	0.7756	1.0786	0	0.7728	0.7772	0.8626	0.7771	0.7775
  D	1.8623	5.0128	0.7728	0	0.7712	1.277	0.9996	0.7721
  E	0.7747	1.5357	0.7772	0.7712	0	0.7613	0.7768	0.7771
  F	1.7116	8.8078	0.8626	1.277	0.7613	0	0.7632	0.9386
  G	0.7753	0.957	0.7771	0.9996	0.7768	0.7632	0	0.777
  H	0.7752	1.3754	0.7775	0.7721	0.7771	0.9386	0.777	0

Actual rates from j->i (Q_ij):
	A	B	C	D	E	F	G	H
  A	0	0.3419	0.0909	0.2183	0.0908	0.2006	0.0909	0.0909
  B	0.1279	0	0.0473	0.2198	0.0673	0.3863	0.042	0.0603
  C	0.0999	0.1389	0	0.0995	0.1001	0.1111	0.1001	0.1001
  D	0.2703	0.7276	0.1122	0	0.1119	0.1854	0.1451	0.1121
  E	0.1043	0.2067	0.1046	0.1038	0	0.1025	0.1046	0.1046
  F	0.2812	1.4469	0.1417	0.2098	0.1251	0	0.1254	0.1542
  G	0.1046	0.1292	0.1049	0.1349	0.1048	0.103	0	0.1049
  H	0.1017	0.1804	0.102	0.1013	0.1019	0.1231	0.1019	0
